LAST_WALLPAPER_UPDATE=1997/03/10 22:59:00.001997
LAST_RSS_REFRESH=1997/03/10 22:59:00.001997
LAST_IMAGE_INDEX=-1
